     x=1.000036
     y=2.999970
     z=4.000008
